example,trial,cohort,phase,lam_ex,lam_em,round,n_editable,chromo_pos1_1based,scaffold_name,scaffold_pdb,scaffold_idx,scaffold_ex,scaffold_em,target_name,target_idx,target_ex,target_em,seq_id_scaf_target,pred_ex,pred_em,peak_err,ppl,fam_logp,ident_to_scaffold,designed_seq,scaffold_seq,target_seq
cpCitrine-Sumire,0,knownstruct_Sval,scaffold,1.0,1.0,0,0,68,cpCitrine,1HUY,97,506,524,Sumire,690,343,414,0.911,508.4,524.4,137.88,,-38.81,1.000,DPMVSKGEELFTGVVPILVELDGDVNGHKFSVSGEGEGDATYGKLTLKFILTTGKLPVPWPTLVTTFGYGLMVFARYPDHMKRHDFFKSAMPEGYVQERTIFFKDDGNYKTRAEVKFEGDTLVNRIELKGIDFKEDGNILGHKLEYNYNSHNVYIMADKQKNGIKVNFKIRHNIEDGSVQLADHYQQNTPIGDGPVLLPDNHYLSYQSALSKDPNEKRDHMVLLEFVTAAGITHGMDELYK,DPMVSKGEELFTGVVPILVELDGDVNGHKFSVSGEGEGDATYGKLTLKFILTTGKLPVPWPTLVTTFGYGLMVFARYPDHMKRHDFFKSAMPEGYVQERTIFFKDDGNYKTRAEVKFEGDTLVNRIELKGIDFKEDGNILGHKLEYNYNSHNVYIMADKQKNGIKVNFKIRHNIEDGSVQLADHYQQNTPIGDGPVLLPDNHYLSYQSALSKDPNEKRDHMVLLEFVTAAGITHGMDELYK,MVSKGEELFTGVVPILVELDGDVNGHKFSVRGEGEGDATNGKLTLKFICTTGKLPVPWPTLVTTLGYGVACFSRYPDHMKRHDFFKSAMPEGYVQERTISFKDDGTYKTRAEVKFEGDTLVNRIELKGIDFKEDGNILGHKLEYNGISGNVYITADKQKNGIKANYKIRHNVEDGSVQLADHYQQNTPIGDGPVLLPDNHYLSVQVVLSKDPNEKRDHMVLLEFRTAAGITHGMDE
cpCitrine-Sumire,0,knownstruct_Sval,chromo+pocket,1.0,1.0,1,24,68,cpCitrine,1HUY,97,506,524,Sumire,690,343,414,0.911,444.9,485.7,86.84,,-81.43,0.913,DPMVSKGEELFTGVVPILVELDGDVNGHKFSVSGEGEGDATYGKLTLKFILTTGKLPVPWPTLLSPLLHGGSVFARYPDHMKRHDFFKSAMPEGLVHERTIFFKDDGNYKTRAEVKFEGDTLVTRIELKGIDFKEDGNILGHKLEYNATGSNLYIMADKQKNGIKVNFKVRHNIEDGSVQLADHYLQNTPIGDGPVLLPDNHYLSTQIALSKDPNEKRDHMVKLEFVTAAGITHGMDELYK,DPMVSKGEELFTGVVPILVELDGDVNGHKFSVSGEGEGDATYGKLTLKFILTTGKLPVPWPTLVTTFGYGLMVFARYPDHMKRHDFFKSAMPEGYVQERTIFFKDDGNYKTRAEVKFEGDTLVNRIELKGIDFKEDGNILGHKLEYNYNSHNVYIMADKQKNGIKVNFKIRHNIEDGSVQLADHYQQNTPIGDGPVLLPDNHYLSYQSALSKDPNEKRDHMVLLEFVTAAGITHGMDELYK,MVSKGEELFTGVVPILVELDGDVNGHKFSVRGEGEGDATNGKLTLKFICTTGKLPVPWPTLVTTLGYGVACFSRYPDHMKRHDFFKSAMPEGYVQERTISFKDDGTYKTRAEVKFEGDTLVNRIELKGIDFKEDGNILGHKLEYNGISGNVYITADKQKNGIKANYKIRHNVEDGSVQLADHYQQNTPIGDGPVLLPDNHYLSVQVVLSKDPNEKRDHMVLLEFRTAAGITHGMDE
cpCitrine-Sumire,0,knownstruct_Sval,chromo+pocket,1.0,1.0,2,24,68,cpCitrine,1HUY,97,506,524,Sumire,690,343,414,0.911,447.1,486.1,88.12,,-85.30,0.909,DPMVSKGEELFTGVVPILVELDGDVNGHKFSVSGEGEGDATYGKLTLKFILTTGKLPVPWPTLLLRLLHGALVFARYPDHMKRHDFFKSAMPEGKVEERTIFFKDDGNYKTRAEIKFEGDTLVTRIELKGIDFKEDGNILGHKLEYNLTDDNVYIMADKQKNGIKVNVKLRHNIEDGSVQLADHYLQNTPIGDGPVLLPDNHYLSAQIALSKDPNEKRDHMVKLEFVTAAGITHGMDELYK,DPMVSKGEELFTGVVPILVELDGDVNGHKFSVSGEGEGDATYGKLTLKFILTTGKLPVPWPTLVTTFGYGLMVFARYPDHMKRHDFFKSAMPEGYVQERTIFFKDDGNYKTRAEVKFEGDTLVNRIELKGIDFKEDGNILGHKLEYNYNSHNVYIMADKQKNGIKVNFKIRHNIEDGSVQLADHYQQNTPIGDGPVLLPDNHYLSYQSALSKDPNEKRDHMVLLEFVTAAGITHGMDELYK,MVSKGEELFTGVVPILVELDGDVNGHKFSVRGEGEGDATNGKLTLKFICTTGKLPVPWPTLVTTLGYGVACFSRYPDHMKRHDFFKSAMPEGYVQERTISFKDDGTYKTRAEVKFEGDTLVNRIELKGIDFKEDGNILGHKLEYNGISGNVYITADKQKNGIKANYKIRHNVEDGSVQLADHYQQNTPIGDGPVLLPDNHYLSVQVVLSKDPNEKRDHMVLLEFRTAAGITHGMDE
cpCitrine-Sumire,1,knownstruct_Sval,scaffold,1.0,1.0,0,0,68,cpCitrine,1HUY,97,506,524,Sumire,690,343,414,0.911,508.4,524.4,137.88,,-38.81,1.000,DPMVSKGEELFTGVVPILVELDGDVNGHKFSVSGEGEGDATYGKLTLKFILTTGKLPVPWPTLVTTFGYGLMVFARYPDHMKRHDFFKSAMPEGYVQERTIFFKDDGNYKTRAEVKFEGDTLVNRIELKGIDFKEDGNILGHKLEYNYNSHNVYIMADKQKNGIKVNFKIRHNIEDGSVQLADHYQQNTPIGDGPVLLPDNHYLSYQSALSKDPNEKRDHMVLLEFVTAAGITHGMDELYK,DPMVSKGEELFTGVVPILVELDGDVNGHKFSVSGEGEGDATYGKLTLKFILTTGKLPVPWPTLVTTFGYGLMVFARYPDHMKRHDFFKSAMPEGYVQERTIFFKDDGNYKTRAEVKFEGDTLVNRIELKGIDFKEDGNILGHKLEYNYNSHNVYIMADKQKNGIKVNFKIRHNIEDGSVQLADHYQQNTPIGDGPVLLPDNHYLSYQSALSKDPNEKRDHMVLLEFVTAAGITHGMDELYK,MVSKGEELFTGVVPILVELDGDVNGHKFSVRGEGEGDATNGKLTLKFICTTGKLPVPWPTLVTTLGYGVACFSRYPDHMKRHDFFKSAMPEGYVQERTISFKDDGTYKTRAEVKFEGDTLVNRIELKGIDFKEDGNILGHKLEYNGISGNVYITADKQKNGIKANYKIRHNVEDGSVQLADHYQQNTPIGDGPVLLPDNHYLSVQVVLSKDPNEKRDHMVLLEFRTAAGITHGMDE
cpCitrine-Sumire,1,knownstruct_Sval,chromo+pocket,1.0,1.0,1,24,68,cpCitrine,1HUY,97,506,524,Sumire,690,343,414,0.911,409.3,473.8,63.04,,-93.46,0.909,DPMVSKGEELFTGVVPILVELDGDVNGHKFSVSGEGEGDATYGKLTLKFILTTGKLPVPWPTLKRLLSHGRKVFARYPDHMKRHDFFKSAMPEGVVDERTIFFKDDGNYKTRAEVKFEGDTLVTRIELKGIDFKEDGNILGHKLEYNLEGENIYIMADKQKNGIKVNLKLRHNIEDGSVQLADHYSQNTPIGDGPVLLPDNHYLSIQAALSKDPNEKRDHMVKLEFVTAAGITHGMDELYK,DPMVSKGEELFTGVVPILVELDGDVNGHKFSVSGEGEGDATYGKLTLKFILTTGKLPVPWPTLVTTFGYGLMVFARYPDHMKRHDFFKSAMPEGYVQERTIFFKDDGNYKTRAEVKFEGDTLVNRIELKGIDFKEDGNILGHKLEYNYNSHNVYIMADKQKNGIKVNFKIRHNIEDGSVQLADHYQQNTPIGDGPVLLPDNHYLSYQSALSKDPNEKRDHMVLLEFVTAAGITHGMDELYK,MVSKGEELFTGVVPILVELDGDVNGHKFSVRGEGEGDATNGKLTLKFICTTGKLPVPWPTLVTTLGYGVACFSRYPDHMKRHDFFKSAMPEGYVQERTISFKDDGTYKTRAEVKFEGDTLVNRIELKGIDFKEDGNILGHKLEYNGISGNVYITADKQKNGIKANYKIRHNVEDGSVQLADHYQQNTPIGDGPVLLPDNHYLSVQVVLSKDPNEKRDHMVLLEFRTAAGITHGMDE
cpCitrine-Sumire,1,knownstruct_Sval,chromo+pocket,1.0,1.0,2,24,68,cpCitrine,1HUY,97,506,524,Sumire,690,343,414,0.911,422.1,487.8,76.43,,-79.47,0.909,DPMVSKGEELFTGVVPILVELDGDVNGHKFSVSGEGEGDATYGKLTLKFILTTGKLPVPWPTLSSSLSHGSSVFARYPDHMKRHDFFKSAMPEGEVKERTIFFKDDGNYKTRAETKFEGDTLVSRIELKGIDFKEDGNILGHKLEYNKSGSNIYIMADKQKNGIKVNVKFRHNIEDGSVQLADHYLQNTPIGDGPVLLPDNHYLSVQSALSKDPNEKRDHMVSLEFVTAAGITHGMDELYK,DPMVSKGEELFTGVVPILVELDGDVNGHKFSVSGEGEGDATYGKLTLKFILTTGKLPVPWPTLVTTFGYGLMVFARYPDHMKRHDFFKSAMPEGYVQERTIFFKDDGNYKTRAEVKFEGDTLVNRIELKGIDFKEDGNILGHKLEYNYNSHNVYIMADKQKNGIKVNFKIRHNIEDGSVQLADHYQQNTPIGDGPVLLPDNHYLSYQSALSKDPNEKRDHMVLLEFVTAAGITHGMDELYK,MVSKGEELFTGVVPILVELDGDVNGHKFSVRGEGEGDATNGKLTLKFICTTGKLPVPWPTLVTTLGYGVACFSRYPDHMKRHDFFKSAMPEGYVQERTISFKDDGTYKTRAEVKFEGDTLVNRIELKGIDFKEDGNILGHKLEYNGISGNVYITADKQKNGIKANYKIRHNVEDGSVQLADHYQQNTPIGDGPVLLPDNHYLSVQVVLSKDPNEKRDHMVLLEFRTAAGITHGMDE
cpCitrine-Sumire,2,knownstruct_Sval,scaffold,1.0,1.0,0,0,68,cpCitrine,1HUY,97,506,524,Sumire,690,343,414,0.911,508.4,524.4,137.88,,-38.81,1.000,DPMVSKGEELFTGVVPILVELDGDVNGHKFSVSGEGEGDATYGKLTLKFILTTGKLPVPWPTLVTTFGYGLMVFARYPDHMKRHDFFKSAMPEGYVQERTIFFKDDGNYKTRAEVKFEGDTLVNRIELKGIDFKEDGNILGHKLEYNYNSHNVYIMADKQKNGIKVNFKIRHNIEDGSVQLADHYQQNTPIGDGPVLLPDNHYLSYQSALSKDPNEKRDHMVLLEFVTAAGITHGMDELYK,DPMVSKGEELFTGVVPILVELDGDVNGHKFSVSGEGEGDATYGKLTLKFILTTGKLPVPWPTLVTTFGYGLMVFARYPDHMKRHDFFKSAMPEGYVQERTIFFKDDGNYKTRAEVKFEGDTLVNRIELKGIDFKEDGNILGHKLEYNYNSHNVYIMADKQKNGIKVNFKIRHNIEDGSVQLADHYQQNTPIGDGPVLLPDNHYLSYQSALSKDPNEKRDHMVLLEFVTAAGITHGMDELYK,MVSKGEELFTGVVPILVELDGDVNGHKFSVRGEGEGDATNGKLTLKFICTTGKLPVPWPTLVTTLGYGVACFSRYPDHMKRHDFFKSAMPEGYVQERTISFKDDGTYKTRAEVKFEGDTLVNRIELKGIDFKEDGNILGHKLEYNGISGNVYITADKQKNGIKANYKIRHNVEDGSVQLADHYQQNTPIGDGPVLLPDNHYLSVQVVLSKDPNEKRDHMVLLEFRTAAGITHGMDE
cpCitrine-Sumire,2,knownstruct_Sval,chromo+pocket,1.0,1.0,1,24,68,cpCitrine,1HUY,97,506,524,Sumire,690,343,414,0.911,435.8,483.0,80.90,,-101.68,0.905,DPMVSKGEELFTGVVPILVELDGDVNGHKFSVSGEGEGDATYGKLTLKFILTTGKLPVPWPTLLDALLHGGSVFARYPDHMKRHDFFKSAMPEGGVTERTIFFKDDGNYKTRAEYKFEGDTLVSRIELKGIDFKEDGNILGHKLEYNAEIKNGYIMADKQKNGIKVNSKLRHNIEDGSVQLADHYFQNTPIGDGPVLLPDNHYLSVQVALSKDPNEKRDHMVALEFVTAAGITHGMDELYK,DPMVSKGEELFTGVVPILVELDGDVNGHKFSVSGEGEGDATYGKLTLKFILTTGKLPVPWPTLVTTFGYGLMVFARYPDHMKRHDFFKSAMPEGYVQERTIFFKDDGNYKTRAEVKFEGDTLVNRIELKGIDFKEDGNILGHKLEYNYNSHNVYIMADKQKNGIKVNFKIRHNIEDGSVQLADHYQQNTPIGDGPVLLPDNHYLSYQSALSKDPNEKRDHMVLLEFVTAAGITHGMDELYK,MVSKGEELFTGVVPILVELDGDVNGHKFSVRGEGEGDATNGKLTLKFICTTGKLPVPWPTLVTTLGYGVACFSRYPDHMKRHDFFKSAMPEGYVQERTISFKDDGTYKTRAEVKFEGDTLVNRIELKGIDFKEDGNILGHKLEYNGISGNVYITADKQKNGIKANYKIRHNVEDGSVQLADHYQQNTPIGDGPVLLPDNHYLSVQVVLSKDPNEKRDHMVLLEFRTAAGITHGMDE
cpCitrine-Sumire,2,knownstruct_Sval,chromo+pocket,1.0,1.0,2,24,68,cpCitrine,1HUY,97,506,524,Sumire,690,343,414,0.911,403.4,476.0,61.20,,-117.60,0.909,DPMVSKGEELFTGVVPILVELDGDVNGHKFSVSGEGEGDATYGKLTLKFILTTGKLPVPWPTLLDKASHGLSVFARYPDHMKRHDFFKSAMPEGVVKERTIFFKDDGNYKTRAEAKFEGDTLVTRIELKGIDFKEDGNILGHKLEYNAEIKNDYIMADKQKNGIKVNVKGRHNIEDGSVQLADHYEQNTPIGDGPVLLPDNHYLSVQAALSKDPNEKRDHMVALEFVTAAGITHGMDELYK,DPMVSKGEELFTGVVPILVELDGDVNGHKFSVSGEGEGDATYGKLTLKFILTTGKLPVPWPTLVTTFGYGLMVFARYPDHMKRHDFFKSAMPEGYVQERTIFFKDDGNYKTRAEVKFEGDTLVNRIELKGIDFKEDGNILGHKLEYNYNSHNVYIMADKQKNGIKVNFKIRHNIEDGSVQLADHYQQNTPIGDGPVLLPDNHYLSYQSALSKDPNEKRDHMVLLEFVTAAGITHGMDELYK,MVSKGEELFTGVVPILVELDGDVNGHKFSVRGEGEGDATNGKLTLKFICTTGKLPVPWPTLVTTLGYGVACFSRYPDHMKRHDFFKSAMPEGYVQERTISFKDDGTYKTRAEVKFEGDTLVNRIELKGIDFKEDGNILGHKLEYNGISGNVYITADKQKNGIKANYKIRHNVEDGSVQLADHYQQNTPIGDGPVLLPDNHYLSVQVVLSKDPNEKRDHMVLLEFRTAAGITHGMDE
